+79115105084
+7 916 0605670
+79162872350
+7 926 9179469
+79033779843
+79194439762
+79033770250
+79035827809
+79603167899
+79152345923
+7 912 3692775
+7 917 8333698
+79035760421
+79109434599
+79211287900
+79063076506
+79093943701
+79184454008
+7 920 9905821
+79192658482
+7 926 227 40 7
+79198355555
+7 903 1234966
+7 (8453) 56609
+7 951 326 73 3
+7 903 6408104
+7 912 8230052
+79105162979
+7 903 641 90 1
+7 905 3397743
+7 910 4434247
+7 921 7536400
+79026437984
+7 905 2556677
+7 980 3673751
+7 916 5687114
+79117680790
+7 985 9611121
+79857046806
+79120432663
+79168216556
+79636964208
+79038032925
+7 906 5358208
+79027901609
8 919 0791646
+7 965 1722204
+79124920220
+79155137565
+7 926 895 82 8
+79030959881
89096677143
=7 905 5059699
+79263274238
+79160394662
+7 905 1666768
+79885035718
+79068557461
+7 920 8137874
+7 929 0597844
+7 953 7387921
+79113397637
+79160426310
+79616265535
+79167858556
+7 985 7783205
+79803619141
+7 906 7931224
+79155919605
+7 903 7873454
0979184822
+7 915 6195754
+7 985 1670239
+79263816164
+789237205102
+7 915 1260554
+7 926 4517811
89165786229
+79043007918
+7 910 500 00 5
+7 916 2740724
+7 906 4385379
+7 916 1232588
+79261001445
+79194435060
+7 903 5472615
+7 906 7506978
+79231649458
+7 919 7126213
+79128720772
+7 916 5758188
+79175892133
+79107043140
+7 926 7692404
+7 906 7482837
+7 906 706 46 5
+79037096004
+7 926 6182879
+7 926 3515341
+7 985 124 93 3
+7 916 3972600
+7 916 7215821
+7 926 8207838
+7 916 6431820
+1 926 2247469
+7 916 6713645
+7 926 4741499
+7 964 7909711
+79184249234
+7 916 715 48 7
+7 926 5830406
89031234167
+79146543256
+380503130447
89044881604
+7 929 6015201
+7 916 106 46 2
+79024722685
+7 910 206 7400
+79274551000
+7 905 1693211
+7 905 297 07 0
+79102656166
+38 067 1885413
+79183001771
+79026347846
+37128807997
89625060520
+380964474775
+79603593403
+7 911 7113349
+79622850252
+79030459060
+79276201380
+7 952 900 33 5
=7 909 2265307
+380962925500
+7 903 2400237
+7 987 212 17 4
+79200824000
+79200844440
+7 920 8270707
+79127941683
+7 910 2066008
+79128282590
89092271609
+7 910 2693323
+7 953 6253470
+79102090293
+79128728883
+7 902 8326 509
+7 982 4995311
+7 919 4079394
+7 920 8270880
+79208096662
+79280743777
+79024405303
+79606473067
+79053723250
+380504201987
+89536115678
+7 906 6627716
89200808508
89536250688
+79112430010
+79192665706
+79167775697
+79265384080
89199008618
+79048441222
89504588226
+79536297514
+79208217801
+7 999 06358141
+79200824222
+79192030579
+7 999 06749327
+7953 6219040
+7 912 3654441
+79026417855
+7 915 9492864
+8 097 0698914
+380675455995
+7 912 2487949
+79145491899
+38 050 0253495
+380504868387
+79163042690
+79119124004
+380976776326
+79128857888
+79128815384
+7 (905) 296 06
+79088744500
+79229244594
+7 951 927 0427
+79128842257
+79124942729
+380684452222
+7 902 8302813
+79149389600
+7 908 2682048
+7 902 8019103
+79194798073
+7 909 110 47 0
+79028021744
+7 902 6330952
+7 902 8072864
+79129889925
+7 912 9808921
+7 902 8336964
+7 952 215 81 1
0505704061
+7 905 3750273
+7 916 2966077
+79612550911
+79184055529
8925 875 00 68
+3805010433337
+7 912 731 34 3
+79081143353
+380676302547
+79054412121
+7 916 1215773
+79211300361
+79172235752
+7 918 4319911
+79045448370
+79263921554
89122834310
+380994420921
+380502822904
+7 960 0362005
+79039573225
+7 926 3830555
+79143804072
+7 927 2771867
+7 905 6279513
+79179090909
89026302255
+79193849900
+79284349008
+79028918400
+7 918 4615147
+380979726118
+79882398971
+79147126669
+79242833587
+7 906 1653025
+380 675651258
+79132131953
+7 911 5851029
+7 923 7299927
+38097-751-50-0
+79123421521
+79039569046
+79039499376
+79033402256
+79033716863
+79132128055
+7 926 5711478
89236003785
+79041988737
+79028021617
+7 951 9892149
89286922818
+79609530774
89161640882
+79053128250
+79114465121
+79127284162
+79028757271
+79115105974
89132202252
+7 924 2120045
+79803412034
+7 903 9109959
+79132226033
89236482462
89288768622
89231684399
+79132265060
+79132575751
+7 701 3590740
+79024724580
+79272025965
+79146425864
+79241941391
9285544575
89178581621
+7 917 2133935
+7 914 3135202
+7 914 1818455
89625020886
+79033073379
+7 927 1190757
+7 924 3024849
+79242861335
+7 918 4856004
+7 555 2548615
+79625025947
+79164486716
+79141649290
+79033072613
+79146424587
+7 903 0055050
+79183028299
+79060435534
+7 914 8998858
+79145414321
+79142434377
+7 916 379 12 7
+7 911 0921917
+79145461314
+79226259283
+7 903 4276962:
+7 916 4399582
+380962646927
+79505852070
+9264294006
+70676960371
+380995013221
+9241440507
89178678288
+7 909 7351685
+7 9649402780
+7 912 7782092
+79172649320
+7 906 8986619
+79172531760
8 926 7850605
+7 961 1604026
+7 701 3813434
+7 3852 33 90 2
+79282409340
+79127849578
+7 928 4524217
+79278026210
+7 921 7320016
+7 914 9509644
+7 919 4852879
+79115097103
+380674542481
+79289579435
+79226210844
+79132287043
+79144962929
+79185639549
+79281853284
+380970456879
+8 495 4915186
+73519033080
+79026175970 /+
+79050175181
+79287711207
+7 903 3178673
+7 918 2024349
89236566138
+79166407406
+79194770833
+79047702190
+79106777472
+79182007379
+7 914 7614390
+79283578434
+7 918 3095501
+7 911 3469489
+79099083654
+79160965993
+7 915 176 04 0
+79172234487
+79034670769
8 9604974930
89054775114
+7 919 7401343
+79185111821
+79537303657
+7 916 0820481
+79262342657
+7 926 8322119
+79128306921
+7 937 1664347
+79885056404
+79061875425
+79859773463
+79251457042
79053395866
+7 921 7435464
+7 918 404 10 6
+7913 277 49 77
+79102368662
+79148753259
89262270507
+7 905 7054941
+79101388216
+7 912 2442621
+9274141931
+79116467040
+7 927 2595959
+7 911 526 00 5
+7 917 5258427
+7 916 9098194
+7 911 1235053
+7 906 9440984
+7 916 7850802
+79127357994
+7 952 3181718
+7 906 5432957
+7 922 6704174
+7 911 9358824
+7 951 6652461
+79212847589
+79059221794
+79028360469
+79371785556
+79608715676
+7 911 503 83 6
+7 937 981 38 6
+7 906 3508003
+79122120213
+79263928130
+7 912 7278813
+79510952338
+79064090717
+79626132380
+7 906 6042131
+79108760100
+7 922 8276520
+7 917 2617520
+79189220621
+79132599269
+79183237509
+7 912 6382069
+7 920 1869098
+79097273332
+7 912 7852868
+7916 2932589
+7 912 8857388
+79226119913
+79086462037
+7 922 6006149
+79217969784
+7 910 4740079
+7 915 6149542
+79376389466
+7 915 9829666
+79119433348
+79262852770
+79090022297
+7 965 6110187
+79127893465
+79109004202
+79654655604
+79522596471
+79196277744
+79115032121
+789124957398
+79028321811
+79115602832
+79171631662
89182072723
+79115032142
+79170195740
+7 903 9498909
79059885350
+7 963 6108611
+79115032010
+79023417123
+79172758999
+79272771470
+79815019141
+7 915 9961526
+79119370120
+7 902 9997937
+7 925 8898029
+79633802121
+79265748052
+79672330301
+79263645344
+7 926 2164917
+79015100830
+79504537941
+79147670527
+7 927 226 4390
+79183552839
+7 916 5180621
+7 918 90555757
+79197277849
+79175349284
+7(916)8015342
89047718477
+79147410587
+7915-087-60-65
+7(916)4477252
+79066623520
+79115105084
+7 916 0605670
+79162872350
+7 926 9179469
+79033779843
+79194439762
+79033770250
+79035827809
+79603167899
+79152345923
+7 912 3692775
+7 917 8333698
+79035760421
+79109434599
+79211287900
+79063076506
+79093943701
+79184454008
+7 920 9905821
+79192658482
+7 926 227 40 7
+79198355555
+7 903 1234966
+7 (8453) 56609
+7 951 326 73 3
+7 903 6408104
+7 912 8230052
+79105162979
+7 903 641 90 1
+7 905 3397743
+7 910 4434247
+7 921 7536400
+79026437984
+7 905 2556677
+7 980 3673751
+7 916 5687114
+79117680790
+7 985 9611121
+79857046806
+79120432663
+79168216556
+79636964208
+79038032925
+7 906 5358208
+79027901609
8 919 0791646
+7 965 1722204
+79124920220
+79155137565
+7 926 895 82 8
+79030959881
89096677143
=7 905 5059699
+79263274238
+79160394662
+7 905 1666768
+79885035718
+79068557461
+7 920 8137874
+7 929 0597844
+7 953 7387921
+79113397637
+79160426310
+79616265535
+79167858556
+7 985 7783205
+79803619141
+7 906 7931224
+79155919605
+7 903 7873454
0979184822
+7 915 6195754
+7 985 1670239
+79263816164
+789237205102
+7 915 1260554
+7 926 4517811
89165786229
+79043007918
+7 910 500 00 5
+7 916 2740724
+7 906 4385379
+7 916 1232588
+79261001445
+79194435060
+7 903 5472615
+7 906 7506978
+79231649458
+7 919 7126213
+79128720772
+7 916 5758188
+79175892133
+79107043140
+7 926 7692404
+7 906 7482837
+7 906 706 46 5
+79037096004
+7 926 6182879
+7 926 3515341
+7 985 124 93 3
+7 916 3972600
+7 916 7215821
+7 926 8207838
+7 916 6431820
+1 926 2247469
+7 916 6713645
+7 926 4741499
+7 964 7909711
+79184249234
+7 916 715 48 7
+7 926 5830406
89031234167
+79146543256
+380503130447
89044881604
+7 929 6015201
+7 916 106 46 2
+79024722685
+7 910 206 7400
+79274551000
+7 905 1693211
+7 905 297 07 0
+79102656166
+38 067 1885413
+79183001771
+79026347846
+37128807997
89625060520
+380964474775
+79603593403
+7 911 7113349
+79622850252
+79030459060
+79276201380
+7 952 900 33 5
=7 909 2265307
+380962925500
+7 903 2400237
+7 987 212 17 4
+79200824000
+79200844440
+7 920 8270707
+79127941683
+7 910 2066008
+79128282590
89092271609
+7 910 2693323
+7 953 6253470
+79102090293
+79128728883
+7 902 8326 509
+7 982 4995311
+7 919 4079394
+7 920 8270880
+79208096662
+79280743777
+79024405303
+79606473067
+79053723250
+380504201987
+89536115678
+7 906 6627716
89200808508
89536250688
+79112430010
+79192665706
+79167775697
+79265384080
89199008618
+79048441222
89504588226
+79536297514
+79208217801
+7 999 06358141
+79200824222
+79192030579
+7 999 06749327
+7953 6219040
+7 912 3654441
+79026417855
+7 915 9492864
+8 097 0698914
+380675455995
+7 912 2487949
+79145491899
+38 050 0253495
+380504868387
+79163042690
+79119124004
+380976776326
+79128857888
+79128815384
+7 (905) 296 06
+79088744500
+79229244594
+7 951 927 0427
+79128842257
+79124942729
+380684452222
+7 902 8302813
+79149389600
+7 908 2682048
+7 902 8019103
+79194798073
+7 909 110 47 0
+79028021744
+7 902 6330952
+7 902 8072864
+79129889925
+7 912 9808921
+7 902 8336964
+7 952 215 81 1
0505704061
+7 905 3750273
+7 916 2966077
+79612550911
+79184055529
8925 875 00 68
+3805010433337
+7 912 731 34 3
+79081143353
+380676302547
+79054412121
+7 916 1215773
+79211300361
+79172235752
+7 918 4319911
+79045448370
+79263921554
89122834310
+380994420921
+380502822904
+7 960 0362005
+79039573225
+7 926 3830555
+79143804072
+7 927 2771867
+7 905 6279513
+79179090909
89026302255
+79193849900
+79284349008
+79028918400
+7 918 4615147
+380979726118
+79882398971
+79147126669
+79242833587
+7 906 1653025
+380 675651258
+79132131953
+7 911 5851029
+7 923 7299927
+38097-751-50-0
+79123421521
+79039569046
+79039499376
+79033402256
+79033716863
+79132128055
+7 926 5711478
89236003785
+79041988737
+79028021617
+7 951 9892149
89286922818
+79609530774
89161640882
+79053128250
+79114465121
+79127284162
+79028757271
+79115105974
89132202252
+7 924 2120045
+79803412034
+7 903 9109959
+79132226033
89236482462
89288768622
89231684399
+79132265060
+79132575751
+7 701 3590740
+79024724580
+79272025965
+79146425864
+79241941391
9285544575
89178581621
+7 917 2133935
+7 914 3135202
+7 914 1818455
89625020886
+79033073379
+7 927 1190757
+7 924 3024849
+79242861335
+7 918 4856004
+7 555 2548615
+79625025947
+79164486716
+79141649290
+79033072613
+79146424587
+7 903 0055050
+79183028299
+79060435534
+7 914 8998858
+79145414321
+79142434377
+7 916 379 12 7
+7 911 0921917
+79145461314
+79226259283
+7 903 4276962:
+7 916 4399582
+380962646927
+79505852070
+9264294006
+70676960371
+380995013221
+9241440507
89178678288
+7 909 7351685
+7 9649402780
+7 912 7782092
+79172649320
+7 906 8986619
+79172531760
8 926 7850605
+7 961 1604026
+7 701 3813434
+7 3852 33 90 2
+79282409340
+79127849578
+7 928 4524217
+79278026210
+7 921 7320016
+7 914 9509644
+7 919 4852879
+79115097103
+380674542481
+79289579435
+79226210844
+79132287043
+79144962929
+79185639549
+79281853284
+380970456879
+8 495 4915186
+73519033080
+79026175970 /+
+79050175181
+79287711207
+7 903 3178673
+7 918 2024349
89236566138
+79166407406
+79194770833
+79047702190
+79106777472
+79182007379
+7 914 7614390
+79283578434
+7 918 3095501
+7 911 3469489
+79099083654
+79160965993
+7 915 176 04 0
+79172234487
+79034670769
8 9604974930
89054775114
+7 919 7401343
+79185111821
+79537303657
+7 916 0820481
+79262342657
+7 926 8322119
+79128306921
+7 937 1664347
+79885056404
+79061875425
+79859773463
+79251457042
79053395866
+7 921 7435464
+7 918 404 10 6
+7913 277 49 77
+79102368662
+79148753259
89262270507
+7 905 7054941
+79101388216
+7 912 2442621
+9274141931
+79116467040
+7 927 2595959
+7 911 526 00 5
+7 917 5258427
+7 916 9098194
+7 911 1235053
+7 906 9440984
+7 916 7850802
+79127357994
+7 952 3181718
+7 906 5432957
+7 922 6704174
+7 911 9358824
+7 951 6652461
+79212847589
+79059221794
+79028360469
+79371785556
+79608715676
+7 911 503 83 6
+7 937 981 38 6
+7 906 3508003
+79122120213
+79263928130
+7 912 7278813
+79510952338
+79064090717
+79626132380
+7 906 6042131
+79108760100
+7 922 8276520
+7 917 2617520
+79189220621
+79132599269
+79183237509
+7 912 6382069
+7 920 1869098
+79097273332
+7 912 7852868
+7916 2932589
+7 912 8857388
+79226119913
+79086462037
+7 922 6006149
+79217969784
+7 910 4740079
+7 915 6149542
+79376389466
+7 915 9829666
+79119433348
+79262852770
+79090022297
+7 965 6110187
+79127893465
+79109004202
+79654655604
+79522596471
+79196277744
+79115032121
+789124957398
+79028321811
+79115602832
+79171631662
89182072723
+79115032142
+79170195740
+7 903 9498909
79059885350
+7 963 6108611
+79115032010
+79023417123
+79172758999
+79272771470
+79815019141
+7 915 9961526
+79119370120
+7 902 9997937
+7 925 8898029
+79633802121
+79265748052
+79672330301
+79263645344
+7 926 2164917
+79015100830
+79504537941
+79147670527
+7 927 226 4390
+79183552839
+7 916 5180621
+7 918 90555757
+79197277849
+79175349284
+7(916)8015342
89047718477
+79147410587
+7915-087-60-65
+7(916)4477252
+79066623520
